V = [...
    1.061482;
    1.063494;
    1.071239;
    1.108038;
    1.112979;
    1.082161;
    1.078259;
    1.154429;
    1.208576;
    1.223576;
    1.077431;
    1.074111;
    1.054569;
    1.063905;
    1.039617;
    1.063265;
    1.066372;
    1.035229;
    1.030765;
    1.029071;
    1.031428;
    1.043403;
    1.072179;
    1.073430;
    1.107309;
    1.122598;
    1.032627;
    1.021637;
    1.017349;
    1.111637;
    1.018755;
    1.031066;
    1.034696;
    1.041098;
    1.036397;
    1.035690;
    1.047762;
    1.086135;
    1.013475;
    1.003470;
    0.995532;
    0.996518;
    1.023786;
    1.012050;
    1.014306;
    1.034907;
    1.058910;
    1.053692;
    1.066754;
    1.054688;
    1.036880;
    1.031596;
    1.027782;
    1.038639;
    1.032545;
    1.035133;
    1.041757;
    1.034727;
    1.052040;
    1.080134;
    1.085093;
    1.079323;
    1.078335;
    1.091562;
    1.109145;
    1.097231;
    1.082672;
    1.102431;
    1.091448;
    1.040001;
    1.045942;
    1.064886;
    1.046660;
    1.009056;
    1.017889;
    1.001025;
    1.006859;
    1.000814;
    0.999487;
    1.023146;
    1.078491;
    0.989649;
    0.992941;
    1.003029;
    1.013278;
    1.052649;
    1.139634;
    1.015365;
    1.028024;
    0.987292;
    0.998059;
    1.008186;
    0.997703;
    0.993676;
    0.983250;
    0.992047;
    1.003170;
    1.010414;
    0.987315;
    1.009282;
    0.997927;
    1.004682;
    1.048095;
    1.033059;
    1.045481;
    1.027576;
    1.023233;
    1.121264;
    1.152127;
    1.237076;
    1.445039;
    1.221959;
    1.062868;
    1.027362;
    1.027038;
    1.102981;
    1.056677;
    1.004173;
];
Pg = [...
    2.811815;
    1.776825;
    2.274029;
    2.291125;
    2.117250;
    2.301523;
    1.902916;
    1.984199;
    4.032271;
    3.943363;
    2.875536;
    0.956022;
    2.016579;
    1.183178;
    1.250919;
    1.233289;
    1.146906;
    1.149274;
];
t = [...
    0.020000;
    0.040000;
    0.060000;
    0.080000;
    0.100000;
    0.120000;
    0.140000;
    0.160000;
    0.180000;
    0.200000;
    0.220000;
    0.240000;
    0.260000;
    0.280000;
    0.300000;
    0.320000;
    0.340000;
    0.360000;
    0.380000;
    0.400000;
    0.420000;
    0.440000;
    0.460000;
    0.480000;
    0.500000;
    0.520000;
    0.540000;
    0.560000;
    0.580000;
    0.600000;
    0.620000;
    0.640000;
    0.660000;
    0.680000;
    0.700000;
    0.720000;
    0.740000;
    0.760000;
    0.780000;
    0.800000;
    0.820000;
    0.840000;
    0.860000;
    0.880000;
    0.900000;
    0.920000;
    0.940000;
    0.960000;
    0.980000;
    1.000000;
    1.020000;
    1.040000;
    1.060000;
    1.080000;
    1.100000;
    1.120000;
    1.140000;
    1.160000;
    1.180000;
    1.200000;
    1.220000;
    1.240000;
    1.260000;
    1.280000;
    1.300000;
    1.320000;
    1.340000;
    1.360000;
    1.380000;
    1.400000;
    1.420000;
    1.440000;
    1.460000;
    1.480000;
    1.500000;
    1.520000;
    1.540000;
    1.560000;
    1.580000;
    1.600000;
    1.620000;
    1.640000;
    1.660000;
    1.680000;
    1.700000;
    1.720000;
    1.740000;
    1.760000;
    1.780000;
    1.800000;
    1.820000;
    1.840000;
    1.860000;
    1.880000;
    1.900000;
    1.920000;
    1.940000;
    1.960000;
    1.980000;
    2.000000;
];
delta = [...
    0.871223    0.494906    0.789376    0.726527    0.742324    0.877439    0.924004    0.996808    0.987109    1.051795    0.884255    0.915467    0.951415    0.760139    0.699983    0.596592    0.847417    0.675681;
    0.873243    0.514880    0.798010    0.737351    0.755797    0.839839    0.861335    0.921211    0.918013    0.963903    0.842776    0.848466    0.888726    0.628169    0.583684    0.484620    0.713846    0.547842;
    0.853739    0.501672    0.797930    0.715302    0.727842    0.787413    0.795886    0.847542    0.842903    0.888931    0.788554    0.765959    0.802822    0.484507    0.458521    0.363312    0.596196    0.434951;
    0.810818    0.457419    0.764249    0.666327    0.670018    0.728464    0.739366    0.787789    0.781601    0.833013    0.731783    0.698853    0.728656    0.381425    0.372120    0.281873    0.525279    0.367678;
    0.760841    0.413720    0.729470    0.611299    0.617546    0.676063    0.692256    0.739355    0.735625    0.788615    0.687515    0.654822    0.679302    0.329381    0.325899    0.238417    0.485870    0.332972;
    0.718725    0.385500    0.700036    0.567072    0.583823    0.639986    0.659088    0.705860    0.707473    0.761980    0.659981    0.627872    0.649334    0.308809    0.301635    0.215177    0.464858    0.317202;
    0.694855    0.373659    0.685344    0.539949    0.566703    0.620391    0.641510    0.687905    0.695995    0.752600    0.645113    0.613133    0.632447    0.300480    0.288165    0.203405    0.455825    0.312820;
    0.686861    0.374805    0.691664    0.511863    0.560517    0.612268    0.635816    0.681421    0.695866    0.755090    0.638719    0.607138    0.624254    0.296646    0.281311    0.199306    0.455147    0.316714;
    0.679584    0.382985    0.713992    0.520946    0.564544    0.610175    0.632208    0.681214    0.701981    0.764356    0.637630    0.606366    0.621172    0.293829    0.278804    0.200200    0.459931    0.326229;
    0.673947    0.390580    0.730601    0.519014    0.571273    0.610518    0.632044    0.684456    0.710763    0.776598    0.639590    0.608185    0.620439    0.286564    0.278779    0.203694    0.467523    0.338357;
    0.670140    0.403191    0.745907    0.515811    0.576760    0.611702    0.632979    0.687945    0.720349    0.789780    0.642776    0.610703    0.620364    0.278282    0.279641    0.207894    0.475950    0.350869;
    0.661826    0.417615    0.772314    0.513683    0.581027    0.614400    0.626185    0.692134    0.729923    0.803093    0.646008    0.613655    0.620167    0.271215    0.280295    0.211638    0.484144    0.362625;
    0.653269    0.434285    0.790449    0.498895    0.591929    0.618381    0.621112    0.686247    0.739343    0.816324    0.649390    0.616630    0.619833    0.263729    0.280327    0.214338    0.491456    0.372894;
    0.648436    0.452157    0.801713    0.491507    0.596274    0.620401    0.610857    0.682583    0.748892    0.829423    0.654003    0.618531    0.619319    0.258661    0.280359    0.216171    0.497627    0.381225;
    0.650153    0.475075    0.813148    0.493100    0.592554    0.618655    0.601508    0.675235    0.756142    0.840031    0.658416    0.620725    0.618154    0.256167    0.281863    0.218846    0.504187    0.389035;
    0.662370    0.503653    0.821883    0.519634    0.589158    0.614809    0.595628    0.670669    0.756112    0.842706    0.654741    0.622776    0.617970    0.252688    0.287111    0.224688    0.514135    0.399817;
    0.672475    0.533882    0.829278    0.556881    0.587749    0.610607    0.586570    0.670190    0.751721    0.841595    0.644522    0.630213    0.620469    0.254653    0.295233    0.233825    0.527726    0.414537;
    0.673599    0.555429    0.838333    0.591713    0.594680    0.608986    0.581387    0.671188    0.753243    0.852225    0.644827    0.640615    0.624616    0.254048    0.304527    0.244090    0.541972    0.429732;
    0.676411    0.567020    0.838628    0.613148    0.601855    0.611788    0.581546    0.678573    0.762946    0.864870    0.656770    0.654501    0.631680    0.252326    0.314659    0.254523    0.555812    0.443879;
    0.669811    0.568677    0.839149    0.626021    0.612783    0.611928    0.585972    0.688378    0.775442    0.881265    0.671875    0.672503    0.642602    0.251388    0.326303    0.266577    0.571470    0.459816;
    0.658783    0.568710    0.845023    0.639076    0.623605    0.613950    0.595068    0.710923    0.788133    0.894323    0.687728    0.692174    0.655941    0.251431    0.339511    0.280629    0.589331    0.478352;
